<config>
true                                                                                                #Perform A-Matrix Calculation
/home/amber/ownCloud/Documents/Tech/azure/37K_new/V1                                                #Full Path to Output Directory
/home/amber/ownCloud/Documents/Tech/azure/37K_new/V1                                                #Full Path to Checks Directory
none                                                                                                #Compond Nucleus Check
none                                                                                                #Boundary Condition Check
none                                                                                                #Data Check
none                                                                                                #Lo-Matrix and Penetrability Check
none                                                                                                #Legendre Polynomial Check
none                                                                                                #Coulomb Amplitudes Check
none                                                                                                #Reaction Pathway Check
none                                                                                                #Angular Distributions Check
</config>
<levels>
   0   -1         9.95    1    1    1    2    2    1    1    0                   0  0.5    1  1.5    1            0       1      37    1   19        4.547        4.547    0    0          0.0     0   6.015            0            0       0

   0    1        7.041    1    1    1    4    4    2    1    0               35000  0.5    1  1.5    1            0       1      37    1   19        4.547        4.547    0    0          0.0     0   6.015            0            0       0

   0    1        7.176    1    1    1    4    4    3    1    0               35000  0.5    1  1.5    1            0       1      37    1   19        4.547        4.547    0    0          0.0     0   6.015            0            0       0

   0    1         7.37    1    1    1    4    4    4    1    0               35000  0.5    1  1.5    1            0       1      37    1   19        4.547        4.547    0    0          0.0     0   6.015            0            0       0

   0    1         7.48    1    1    1    4    4    5    0    1               30000  0.5    1  1.5    1            0       1      37    1   19        4.547        4.547    0    0          0.0     0   6.015            0            0       0

   0    1          7.6    1    1    1    4    4    6    0    1               30000  0.5    1  1.5    1            0       1      37    1   19        4.547        4.547    0    0          0.0     0   6.015            0            0       0

   0    1        7.801    1    1    1    4    4    7    0    1               30000  0.5    1  1.5    1            0       1      37    1   19        4.547        4.547    0    0          0.0     0   6.015            0            0       0

   0    1         8.02    1    1    1    4    4    8    0    1               30000  0.5    1  1.5    1            0       1      37    1   19        4.547        4.547    0    0          0.0     0   6.015            0            0       0

   0    1        8.189    1    1    1    4    4    9    0    1               30000  0.5    1  1.5    1            0       1      37    1   19        4.547        4.547    0    0          0.0     0   6.015            0            0       0

   0    1        8.322    1    1    1    4    4   10    0    1               30000  0.5    1  1.5    1            0       1      37    1   19        4.547        4.547    0    0          0.0     0   6.015            0            0       0

   0    1        8.506    1    1    1    4    4   11    0    1               30000  0.5    1  1.5    1            0       1      37    1   19        4.547        4.547    0    0          0.0     0   6.015            0            0       0

   0    1        8.586    1    1    1    4    4   12    0    1               30000  0.5    1  1.5    1            0       1      37    1   19        4.547        4.547    0    0          0.0     0   6.015            0            0       0

   0    1        8.672    1    1    1    4    4   13    0    1               30000  0.5    1  1.5    1            0       1      37    1   19        4.547        4.547    0    0          0.0     0   6.015            0            0       0

   0    1        8.717    1    1    1    4    4   14    0    1               30000  0.5    1  1.5    1            0       1      37    1   19        4.547        4.547    0    0          0.0     0   6.015            0            0       0

   0    1        8.924    1    1    1    4    4   15    0    1               30000  0.5    1  1.5    1            0       1      37    1   19        4.547        4.547    0    0          0.0     0   6.015            0            0       0

   0    1          9.9    1    1    1    4    4   16    0    0                   0  0.5    1  1.5    1            0       1      37    1   19        4.547        4.547    0    0          0.0     0   6.015            0            0       0

   1   -1         6.95    1    1    1    2    2   17    1    0               20000  0.5    1  1.5    1            0       1      37    1   19        4.547        4.547    0    0          0.0     0   6.015            0            0       0
   1   -1         6.95    1    1    1    4    2   17    1    0               10000  0.5    1  1.5    1            0       1      37    1   19        4.547        4.547    0    0          0.0     0   6.015            0            0       0
   1   -1         6.95    1    1    1    4    6   17    1    0                5000  0.5    1  1.5    1            0       1      37    1   19        4.547        4.547    0    0          0.0     0   6.015            0            0       0

   1   -1           10    1    1    1    2    2   18    1    0                   0  0.5    1  1.5    1            0       1      37    1   19        4.547        4.547    0    0          0.0     0   6.015            0            0       0
   1   -1           10    1    1    1    4    2   18    1    0                   0  0.5    1  1.5    1            0       1      37    1   19        4.547        4.547    0    0          0.0     0   6.015            0            0       0
   1   -1           10    1    1    1    4    6   18    1    0                   0  0.5    1  1.5    1            0       1      37    1   19        4.547        4.547    0    0          0.0     0   6.015            0            0       0

   1    1        10.05    1    1    1    2    0   19    1    0                   0  0.5    1  1.5    1            0       1      37    1   19        4.547        4.547    0    0          0.0     0   6.015            0            0       0
   1    1        10.05    1    1    1    2    4   19    1    0                   0  0.5    1  1.5    1            0       1      37    1   19        4.547        4.547    0    0          0.0     0   6.015            0            0       0
   1    1        10.05    1    1    1    4    4   19    1    0                   0  0.5    1  1.5    1            0       1      37    1   19        4.547        4.547    0    0          0.0     0   6.015            0            0       0

   2   -1        10.15    1    1    1    2    2   20    1    0                   0  0.5    1  1.5    1            0       1      37    1   19        4.547        4.547    0    0          0.0     0   6.015            0            0       0
   2   -1        10.15    1    1    1    2    6   20    1    0                   0  0.5    1  1.5    1            0       1      37    1   19        4.547        4.547    0    0          0.0     0   6.015            0            0       0
   2   -1        10.15    1    1    1    4    2   20    1    0                   0  0.5    1  1.5    1            0       1      37    1   19        4.547        4.547    0    0          0.0     0   6.015            0            0       0
   2   -1        10.15    1    1    1    4    6   20    1    0                   0  0.5    1  1.5    1            0       1      37    1   19        4.547        4.547    0    0          0.0     0   6.015            0            0       0

   2    1          4.9    0    1    1    2    4   21    0    0               10000  0.5    1  1.5    1            0       1      37    1   19        4.547        4.547    0    0          0.0     0   6.015            0            0       0
   2    1          4.9    0    1    1    4    0   21    0    0               10000  0.5    1  1.5    1            0       1      37    1   19        4.547        4.547    0    0          0.0     0   6.015            0            0       0
   2    1          4.9    0    1    1    4    4   21    0    0               10000  0.5    1  1.5    1            0       1      37    1   19        4.547        4.547    0    0          0.0     0   6.015            0            0       0
   2    1          4.9    0    1    1    4    8   21    0    0                   0  0.5    1  1.5    1            0       1      37    1   19        4.547        4.547    0    0          0.0     0   6.015            0            0       0

   2    1         5.16    0    1    1    2    4   22    0    0                  10  0.5    1  1.5    1            0       1      37    1   19        4.547        4.547    0    0          0.0     0   6.015            0            0       0
   2    1         5.16    0    1    1    4    0   22    0    0                  10  0.5    1  1.5    1            0       1      37    1   19        4.547        4.547    0    0          0.0     0   6.015            0            0       0
   2    1         5.16    0    1    1    4    4   22    0    0                  10  0.5    1  1.5    1            0       1      37    1   19        4.547        4.547    0    0          0.0     0   6.015            0            0       0
   2    1         5.16    0    1    1    4    8   22    0    0                   0  0.5    1  1.5    1            0       1      37    1   19        4.547        4.547    0    0          0.0     0   6.015            0            0       0

   2    1         5.26    0    1    1    2    4   23    0    0               10000  0.5    1  1.5    1            0       1      37    1   19        4.547        4.547    0    0          0.0     0   6.015            0            0       0
   2    1         5.26    0    1    1    4    0   23    0    0               10000  0.5    1  1.5    1            0       1      37    1   19        4.547        4.547    0    0          0.0     0   6.015            0            0       0
   2    1         5.26    0    1    1    4    4   23    0    0               10000  0.5    1  1.5    1            0       1      37    1   19        4.547        4.547    0    0          0.0     0   6.015            0            0       0
   2    1         5.26    0    1    1    4    8   23    0    0                   0  0.5    1  1.5    1            0       1      37    1   19        4.547        4.547    0    0          0.0     0   6.015            0            0       0

   2    1        6.772    0    1    1    2    4   24    0    0                1300  0.5    1  1.5    1            0       1      37    1   19        4.547        4.547    0    0          0.0     0   6.015            0            0       0
   2    1        6.772    0    1    1    4    0   24    0    0                  67  0.5    1  1.5    1            0       1      37    1   19        4.547        4.547    0    0          0.0     0   6.015            0            0       0
   2    1        6.772    0    1    1    4    4   24    0    0                7490  0.5    1  1.5    1            0       1      37    1   19        4.547        4.547    0    0          0.0     0   6.015            0            0       0
   2    1        6.772    0    1    1    4    8   24    0    0                   0  0.5    1  1.5    1            0       1      37    1   19        4.547        4.547    0    0          0.0     0   6.015            0            0       0

   2    1         10.5    1    1    1    2    4   25    1    0                   0  0.5    1  1.5    1            0       1      37    1   19        4.547        4.547    0    0          0.0     0   6.015            0            0       0
   2    1         10.5    1    1    1    4    0   25    1    0                   0  0.5    1  1.5    1            0       1      37    1   19        4.547        4.547    0    0          0.0     0   6.015            0            0       0
   2    1         10.5    1    1    1    4    4   25    1    0                   0  0.5    1  1.5    1            0       1      37    1   19        4.547        4.547    0    0          0.0     0   6.015            0            0       0
   2    1         10.5    1    1    1    4    8   25    1    0                   0  0.5    1  1.5    1            0       1      37    1   19        4.547        4.547    0    0          0.0     0   6.015            0            0       0

   3   -1        10.25    1    1    1    2    6   26    1    0                   0  0.5    1  1.5    1            0       1      37    1   19        4.547        4.547    0    0          0.0     0   6.015            0            0       0
   3   -1        10.25    1    1    1    4    2   26    1    0                   0  0.5    1  1.5    1            0       1      37    1   19        4.547        4.547    0    0          0.0     0   6.015            0            0       0
   3   -1        10.25    1    1    1    4    6   26    1    0                   0  0.5    1  1.5    1            0       1      37    1   19        4.547        4.547    0    0          0.0     0   6.015            0            0       0
   3   -1        10.25    1    1    1    4   10   26    1    0                   0  0.5    1  1.5    1            0       1      37    1   19        4.547        4.547    0    0          0.0     0   6.015            0            0       0

   3    1         10.1    1    1    1    2    4   27    1    0                   0  0.5    1  1.5    1            0       1      37    1   19        4.547        4.547    0    0          0.0     0   6.015            0            0       0
   3    1         10.1    1    1    1    2    8   27    1    0                   0  0.5    1  1.5    1            0       1      37    1   19        4.547        4.547    0    0          0.0     0   6.015            0            0       0
   3    1         10.1    1    1    1    4    4   27    1    0                   0  0.5    1  1.5    1            0       1      37    1   19        4.547        4.547    0    0          0.0     0   6.015            0            0       0
   3    1         10.1    1    1    1    4    8   27    1    0                   0  0.5    1  1.5    1            0       1      37    1   19        4.547        4.547    0    0          0.0     0   6.015            0            0       0

   4   -1        10.45    1    1    1    2    6   28    1    0                   0  0.5    1  1.5    1            0       1      37    1   19        4.547        4.547    0    0          0.0     0   6.015            0            0       0
   4   -1        10.45    1    1    1    2   10   28    1    0                   0  0.5    1  1.5    1            0       1      37    1   19        4.547        4.547    0    0          0.0     0   6.015            0            0       0
   4   -1        10.45    1    1    1    4    6   28    1    0                   0  0.5    1  1.5    1            0       1      37    1   19        4.547        4.547    0    0          0.0     0   6.015            0            0       0
   4   -1        10.45    1    1    1    4   10   28    1    0                   0  0.5    1  1.5    1            0       1      37    1   19        4.547        4.547    0    0          0.0     0   6.015            0            0       0

   4    1        10.75    1    1    1    2    8   29    1    0                   0  0.5    1  1.5    1            0       1      37    1   19        4.547        4.547    0    0          0.0     0   6.015            0            0       0
   4    1        10.75    1    1    1    4    4   29    1    0                   0  0.5    1  1.5    1            0       1      37    1   19        4.547        4.547    0    0          0.0     0   6.015            0            0       0
   4    1        10.75    1    1    1    4    8   29    1    0                   0  0.5    1  1.5    1            0       1      37    1   19        4.547        4.547    0    0          0.0     0   6.015            0            0       0
   4    1        10.75    1    1    1    4   12   29    1    0                   0  0.5    1  1.5    1            0       1      37    1   19        4.547        4.547    0    0          0.0     0   6.015            0            0       0

   5   -1         10.7    1    1    1    2   10   30    1    0                   0  0.5    1  1.5    1            0       1      37    1   19        4.547        4.547    0    0          0.0     0   6.015            0            0       0
   5   -1         10.7    1    1    1    4    6   30    1    0                   0  0.5    1  1.5    1            0       1      37    1   19        4.547        4.547    0    0          0.0     0   6.015            0            0       0
   5   -1         10.7    1    1    1    4   10   30    1    0                   0  0.5    1  1.5    1            0       1      37    1   19        4.547        4.547    0    0          0.0     0   6.015            0            0       0
   5   -1         10.7    1    1    1    4   14   30    1    0                   0  0.5    1  1.5    1            0       1      37    1   19        4.547        4.547    0    0          0.0     0   6.015            0            0       0

   5    1         10.3    1    1    1    2    8   31    1    0                   0  0.5    1  1.5    1            0       1      37    1   19        4.547        4.547    0    0          0.0     0   6.015            0            0       0
   5    1         10.3    1    1    1    2   12   31    1    0                   0  0.5    1  1.5    1            0       1      37    1   19        4.547        4.547    0    0          0.0     0   6.015            0            0       0
   5    1         10.3    1    1    1    4    8   31    1    0                   0  0.5    1  1.5    1            0       1      37    1   19        4.547        4.547    0    0          0.0     0   6.015            0            0       0
   5    1         10.3    1    1    1    4   12   31    1    0                   0  0.5    1  1.5    1            0       1      37    1   19        4.547        4.547    0    0          0.0     0   6.015            0            0       0

   5    1         10.8    1    1    1    2    8   32    1    0                   0  0.5    1  1.5    1            0       1      37    1   19        4.547        4.547    0    0          0.0     0   6.015            0            0       0
   5    1         10.8    1    1    1    2   12   32    1    0                   0  0.5    1  1.5    1            0       1      37    1   19        4.547        4.547    0    0          0.0     0   6.015            0            0       0
   5    1         10.8    1    1    1    4    8   32    1    0                   0  0.5    1  1.5    1            0       1      37    1   19        4.547        4.547    0    0          0.0     0   6.015            0            0       0
   5    1         10.8    1    1    1    4   12   32    1    0                   0  0.5    1  1.5    1            0       1      37    1   19        4.547        4.547    0    0          0.0     0   6.015            0            0       0

   6   -1        10.55    1    1    1    2   10   33    1    0                   0  0.5    1  1.5    1            0       1      37    1   19        4.547        4.547    0    0          0.0     0   6.015            0            0       0
   6   -1        10.55    1    1    1    2   14   33    1    0                   0  0.5    1  1.5    1            0       1      37    1   19        4.547        4.547    0    0          0.0     0   6.015            0            0       0
   6   -1        10.55    1    1    1    4   10   33    1    0                   0  0.5    1  1.5    1            0       1      37    1   19        4.547        4.547    0    0          0.0     0   6.015            0            0       0
   6   -1        10.55    1    1    1    4   14   33    1    0                   0  0.5    1  1.5    1            0       1      37    1   19        4.547        4.547    0    0          0.0     0   6.015            0            0       0

   6    1        10.35    1    1    1    2   12   34    1    0                   0  0.5    1  1.5    1            0       1      37    1   19        4.547        4.547    0    0          0.0     0   6.015            0            0       0
   6    1        10.35    1    1    1    4    8   34    1    0                   0  0.5    1  1.5    1            0       1      37    1   19        4.547        4.547    0    0          0.0     0   6.015            0            0       0
   6    1        10.35    1    1    1    4   12   34    1    0                   0  0.5    1  1.5    1            0       1      37    1   19        4.547        4.547    0    0          0.0     0   6.015            0            0       0

   7   -1         10.6    1    1    1    2   14   35    1    0                   0  0.5    1  1.5    1            0       1      37    1   19        4.547        4.547    0    0          0.0     0   6.015            0            0       0
   7   -1         10.6    1    1    1    4   10   35    1    0                   0  0.5    1  1.5    1            0       1      37    1   19        4.547        4.547    0    0          0.0     0   6.015            0            0       0
   7   -1         10.6    1    1    1    4   14   35    1    0                   0  0.5    1  1.5    1            0       1      37    1   19        4.547        4.547    0    0          0.0     0   6.015            0            0       0

   7    1        10.85    1    1    1    2   12   36    1    0                   0  0.5    1  1.5    1            0       1      37    1   19        4.547        4.547    0    0          0.0     0   6.015            0            0       0
   7    1        10.85    1    1    1    4   12   36    1    0                   0  0.5    1  1.5    1            0       1      37    1   19        4.547        4.547    0    0          0.0     0   6.015            0            0       0

   8   -1         10.9    1    1    1    2   14   37    1    0                   0  0.5    1  1.5    1            0       1      37    1   19        4.547        4.547    0    0          0.0     0   6.015            0            0       0
   8   -1         10.9    1    1    1    4   14   37    1    0                   0  0.5    1  1.5    1            0       1      37    1   19        4.547        4.547    0    0          0.0     0   6.015            0            0       0

   8    1         10.4    1    1    1    4   12   38    1    0                   0  0.5    1  1.5    1            0       1      37    1   19        4.547        4.547    0    0          0.0     0   6.015            0            0       0

   9   -1        10.65    1    1    1    4   14   39    1    0                   0  0.5    1  1.5    1            0       1      37    1   19        4.547        4.547    0    0          0.0     0   6.015            0            0       0

</levels>
<segmentsData>
1              1              1              2.5            3              134.58         134.58         1              1              0              0              /home/amber/ownCloud/Documents/Tech/azure/37K_new/qqq3_11_27_134.58.dat
1              1              1              2.5            3              138.9          138.9          1              1              0              0              /home/amber/ownCloud/Documents/Tech/azure/37K_new/qqq5_11_27_138.9.dat
</segmentsData>
<segmentsTest>
</segmentsTest>
<targetInt>
0              "1"            10             1              0.01           0              0               "" 0               0              0 
</targetInt>
<lastRun>
8969
"/home/amber/ownCloud/Documents/Tech/azure/37K_new/qqq5_11_27_138.9.dat"
""
0 0
0 ""
-1. -1. -1.
</lastRun>
